1 1 5.8545992942526937e-05
1 2 5.56820014026016e-05
1 3 8.235599671024829e-05
1 4 0.00045409899030346423
1 5 0.0012318780063651502
1 6 0.004806689990800805
1 7 0.012244886995176785
1 8 0.047122464995482005
1 9 0.11350574299285654
1 10 0.3485566919989651
1 11 0.9063423189945752
1 12 2.857474246993661
2 1 5.475399666465819e-05
2 2 5.568101187236607e-05
2 3 8.478500240016729e-05
2 4 0.0005081620038254187
2 5 0.0024197419988922775
2 6 0.014996536003309302
2 7 0.039946113000041805
2 8 0.14125505500123836
2 9 0.42789951399026904
2 10 1.6745756039890694
2 11 5.343877919003717
2 12 19.402664691995597
3 1 5.845099803991616e-05
3 2 7.091699808370322e-05
3 3 0.00010605000716168433
3 4 0.0009724189876578748
3 5 0.005697127999155782
3 6 0.026601461999234743
3 7 0.05925371599732898
3 8 0.2674767940043239
3 9 0.8064152129954891
3 10 3.3508170360000804
3 11 11.309857547006686
3 12 42.69860372299445
4 1 6.292200123425573e-05
4 2 5.092700303066522e-05
4 3 0.00011416699271649122
4 4 0.0007056950125843287
4 5 0.0033619109890423715
4 6 0.02138266600377392
4 7 0.06672846499714069
4 8 0.3128646800032584
4 9 1.0873901419981848
4 10 5.008005918993149
4 11 17.411917712001014
4 12 75.64350622201164
5 1 5.6160002714022994e-05
5 2 7.798099250067025e-05
5 3 0.0001472120056860149
5 4 0.0009940180025296286
5 5 0.003566630999557674
5 6 0.025322521003545262
5 7 0.07429718899948057
5 8 0.3317495749943191
5 9 1.132567200998892
5 10 5.437428365999949
5 11 17.295877568001742
5 12 72.13419861299917
6 1 5.384300311561674e-05
6 2 5.22820046171546e-05
6 3 9.538000449538231e-05
6 4 0.0007107620040187612
6 5 0.0032480410009156913
6 6 0.023060438994434662
6 7 0.08081271100672893
6 8 0.38631752799847163
6 9 1.3641579990071477
6 10 6.31438294200052
6 11 22.12696683399554
6 12 95.98365502100205
7 1 5.583999154623598e-05
7 2 7.592600013595074e-05
7 3 0.00010813100379891694
7 4 0.0010325390030629933
7 5 0.00630907500453759
7 6 0.027587721997406334
7 7 0.08515156900102738
7 8 0.4506674979929812
7 9 1.6507973249972565
7 10 7.977349610999227
7 11 28.648910019008326
7 12 130.13739605499723
8 1 5.344300006981939e-05
8 2 4.709999484475702e-05
8 3 0.00010917198960669339
8 4 0.000741012001526542
8 5 0.0034697849914664403
8 6 0.02680751400475856
8 7 0.0872474039933877
8 8 0.46288254400133155
8 9 1.6949317529943073
8 10 8.208375760004856
8 11 30.183647892001318
8 12 154.40731894300552
9 1 0.0003683889954118058
9 2 0.0002862739929696545
9 3 0.00022359601280186325
9 4 0.0020843310048803687
9 5 0.007119146001059562
9 6 0.0702242809929885
9 7 0.24187933400389738
9 8 1.3648869549942901
9 9 4.7115499320061645
9 10 22.919282798000495
9 11 27.75200726299954
9 12 120.91774316599185